-Energy Analysis for ALA mutations-
PDB: 1UBQ
Res	Pos	Unfolded Energy	    VDW Energy	        Electrostatics En.	Solvation Energy	 ΔΔG
Ori	Non	-171.99793899999992	-286.29930809566235	-65.80866596505328	-94.24698599999998
MET	1	-171.9722439999999	-274.21013476476173	-67.91288632180488	-94.43116999999998	9.82646397414901
GLN	2	-169.49496199999993	-279.9364745991583	-66.28726897731046	-89.89620999999998	12.737983484246834
ILE	3	-167.76149099999992	-272.70615820232115	-66.40034923783001	-94.24698599999998	17.237914620564503
PHE	4	-187.59418199999993	-277.49645717074515	-66.62213981679702	-100.21057199999998	-13.57045192682655
VAL	5	-166.6418189999999	-276.9641149310798	-66.55813995520828	-94.24723299999998	13.94159217442757
LYS	6	-171.79615299999992	-280.8051066872019	-66.78221169431195	-89.68427999999997	9.285147679201796
THR	7	-165.14450599999992	-279.0360441820014	-66.31134245549545	-94.34753999999998	13.513466423218798
LEU	8	-174.7696129999999	-282.31424328974515	-65.77447030290999	-95.82801399999998	-0.33344153193949033
THR	9	-165.14450599999992	-283.0750921822696	-65.74759384888765	-95.04594199999998	9.339765029558421
LYS	11	-171.79615299999992	-282.06422367505735	-68.5174177627715	-92.37201099999997	3.6030936228867736
THR	12	-165.14450599999992	-280.9459164832144	-65.75558565130062	-94.00215199999998	12.504738926200623
ILE	13	-167.76149099999992	-275.4260350281985	-66.52982285366244	-94.26171099999998	14.37383917885472
THR	14	-165.14450599999992	-282.84471568107284	-65.4175358871975	-94.09819099999997	10.847950492445317
LEU	15	-174.7696129999999	-275.27219282160684	-65.87474194444637	-94.31204199999998	8.124309294662428
GLU	16	-169.75969799999993	-284.44125311395095	-63.770239485048364	-92.44961899999998	7.932089461716329
VAL	17	-166.6418189999999	-276.41419891234705	-66.43079987253353	-94.24698599999998	14.619095275835054
GLU	18	-169.75969799999993	-283.68375409785654	-66.31623497712108	-93.21277499999998	5.380436985738006
PRO	19	-168.72160899999992	-283.10088605200997	-65.77235856204958	-94.92273999999998	5.835305446656079
SER	20	-168.35685899999993	-284.72971592041773	-65.62959534097789	-93.65342899999997	5.983299799320017
ASP	21	-171.2202499999999	-280.47902517189476	-65.15635785163532	-93.37424799999998	8.123018037185577
THR	22	-165.14450599999992	-281.5021370508674	-65.84528609040447	-94.84803799999997	11.012931919443755
ILE	23	-167.76149099999992	-272.45805906344054	-66.43502705917251	-94.24698599999998	17.451335938102584
GLU	24	-169.75969799999993	-282.4592221067688	-64.07335865306985	-92.68033299999998	9.38028730087703
ASN	25	-172.34637199999992	-280.26333960140363	-65.53601920758514	-92.89538099999997	7.311787251726889
VAL	26	-166.6418189999999	-277.1684707674715	-65.28676597700073	-94.24698599999998	15.008857316243436
LYS	27	-171.79615299999992	-272.61828400728183	-69.91089078326148	-92.59612799999998	11.431443270172323
LYS	29	-171.79615299999992	-278.7880042580426	-67.40446180306732	-91.27714299999998	9.087136999605715
ILE	30	-167.76149099999992	-272.93570709776634	-64.92406482526442	-94.24917099999998	18.482465137684876
GLN	31	-169.49496199999993	-280.3171744068342	-65.29215066436187	-89.57460099999997	13.674010989519553
ASP	32	-171.2202499999999	-283.8753162417497	-62.578417157063484	-92.20460099999998	8.474314661902465
LYS	33	-171.79615299999992	-278.1996224676219	-68.1150462569877	-90.54524899999998	9.696828336106035
GLU	34	-169.75969799999993	-278.3087534811918	-63.956574396200146	-93.45321599999998	12.874657183323675
ILE	36	-167.76149099999992	-276.4924488512338	-66.08528857568407	-94.78044899999998	13.233221633797767
PRO	37	-168.72160899999992	-283.0646839219556	-65.72623434391201	-94.95319699999997	5.887174794848069
PRO	38	-168.72160899999992	-293.246358464401	-65.87722507949736	-94.72726799999998	-4.219561483182748
ASP	39	-171.2202499999999	-282.9043096200127	-63.07631371217728	-93.43087599999998	7.721149728525657
GLN	40	-169.49496199999993	-278.0475842182612	-65.28082434499998	-91.97112399999997	13.558404497454477
GLN	41	-169.49496199999993	-269.9033451623824	-65.5547623158808	-94.24698599999998	19.152843582452437
ARG	42	-159.68666299999992	-281.4172015798777	-68.81414176396801	-86.16486499999998	22.27002771686992
LEU	43	-174.7696129999999	-273.6295323336364	-65.80425566525729	-94.24698599999998	9.902512061821941
ILE	44	-167.76149099999992	-275.29656117546443	-66.09891902263533	-94.77108199999998	14.42484586261588
PHE	45	-187.59418199999993	-274.7859481250728	-65.94059094816488	-98.40981899999998	-8.377641012522101
LYS	48	-171.79615299999992	-279.90806873236465	-69.86146117343665	-91.48397499999997	5.303241154914314
GLN	49	-169.49496199999993	-285.0884107124499	-65.11764072084242	-90.67248799999997	7.979397627423337
LEU	50	-174.7696129999999	-273.48136036077216	-65.94428863870648	-94.24698599999998	9.910651061237008
GLU	51	-169.75969799999993	-284.3246357625073	-61.16398688170857	-92.50952599999998	10.595052416499787
ASP	52	-171.2202499999999	-281.91821290550206	-63.37755870178951	-93.27438199999997	8.562495453424072
ARG	54	-159.68666299999992	-278.8022803964407	-72.23877175500279	-83.44969599999997	24.175487909272114
THR	55	-165.14450599999992	-279.98350707652827	-66.08984821911118	-94.80215099999998	12.33288676507616
LEU	56	-174.7696129999999	-273.65363849537675	-65.41730579704057	-94.24698599999998	10.265355768298303
SER	57	-168.35685899999993	-283.92883481807155	-65.403319666118	-93.78536499999998	6.878520576526087
ASP	58	-171.2202499999999	-280.35573782866516	-61.69247995468297	-93.35710699999998	11.727324277367481
TYR	59	-188.70483399999992	-271.00490984916075	-65.17917194425594	-96.14144199999998	-2.6774587327010586
ASN	60	-172.34637199999992	-283.9943118044376	-65.69813987535879	-88.78682199999997	7.527253380919284
ILE	61	-167.76149099999992	-274.0757367828858	-65.83711590893702	-94.24698599999998	16.431569368892788
GLN	62	-169.49496199999993	-284.39169798941595	-65.71389346776014	-88.60865099999998	10.143694603539561
LYS	63	-171.79615299999992	-282.752752771156	-71.59575020681888	-90.36627499999997	1.8419680827407663
GLU	64	-169.75969799999993	-280.5134002574556	-60.74733249253927	-93.06061899999997	14.27184931072079
SER	65	-168.35685899999993	-286.488102177495	-66.33392469151653	-93.99839699999998	3.175616191704107
THR	66	-165.14450599999992	-280.8641954874045	-65.9718859531284	-93.87844799999998	12.493863620182694
LEU	67	-174.7696129999999	-273.89543065549884	-66.4160991770331	-94.24698599999998	9.02477022818369
HIE	68	-171.34866799999992	-279.2063168985417	-66.64661966425275	-94.17762999999998	6.973664497921227
LEU	69	-174.7696129999999	-273.28309694704376	-66.04849907316402	-94.26495999999997	9.986730040507862
VAL	70	-166.6418189999999	-281.21887295019627	-65.97454436920069	-94.95331099999999	9.564351741318681
LEU	71	-174.7696129999999	-276.9296688469524	-65.62389776425603	-94.98323599999998	6.046483449507227
ARG	72	-159.68666299999992	-278.50238839830087	-71.66834593015575	-87.91741199999998	20.578089732258984
LEU	73	-174.7696129999999	-283.33675166259724	-65.93815786291896	-95.74918299999997	-1.4408064648005618
ARG	74	-159.68666299999992	-285.53853729546785	-72.23647156803713	-82.41173799999999	18.47948919721064
