-Energy Analysis for ALA mutations-
PDB: 6axg
Res	Pos	Unfolded Energy	    VDW Energy	        Electrostatics En.	Solvation Energy	 ΔΔG
Ori	Non	-844.7251520000051	-1073.9075426268967	-515.850793497275	-294.2661519999987
LEU	1	-844.699457000005	-1068.697734681722	-515.0489021417947	-295.03510199999874	5.2684443006550135
LEU	2	-837.8717190000051	-1070.544679693735	-515.3720720667941	-295.25763599999874	9.70353336364273
GLU	3	-842.4869110000051	-1068.2096051746732	-497.281243552693	-293.33197999999874	27.43990039680541
LYS	4	-861.4320470000051	-1058.9122691577295	-515.9545768141086	-295.4956909999987	-3.0449438476664596
CYS	5	-844.5233660000051	-1067.5672279090807	-536.9279610449901	-290.02773799999875	-10.296652829898981
ILE	6	-847.4968260000051	-1060.7637913061592	-514.9661932265893	-294.2661519999987	11.256677591423127
GLN	7	-839.3690320000051	-1064.6613958178373	-515.9638115540246	-294.33614799999873	14.419252752309797
SER	8	-839.3690320000051	-1065.5123762821456	-516.5103878930653	-294.2661519999987	13.091691948960744
PHE	9	-839.3690320000051	-1064.5609289935146	-516.1682980673489	-294.2661519999987	14.385229063308138
ASP	14	-839.3690320000051	-1063.9551571368431	-515.7956892354723	-294.30949099999873	15.320270751856164
SER	16	-844.5233660000051	-1064.289783759601	-538.8035217433841	-294.1982779999987	-13.065309378813431
SER	17	-841.0840720000051	-1071.0081665256616	-515.2706375328645	-294.1831649999987	7.203599065645644
LEU	19	-847.4968260000051	-1063.4563893776	-514.0919576150272	-294.32216399999874	9.382303131544283
CYS	20	-837.8717190000051	-1067.296426744982	-515.2931066210157	-294.2661519999987	14.022235758174022
HIE	21	-840.4887040000051	-1064.776565764474	-514.377386405319	-294.62990699999875	14.477076954378647
GLU	22	-842.2221750000051	-1066.8467651367216	-514.6280829410715	-290.34100999999873	14.71160704637869
ASP	23	-847.4968260000051	-1062.394350586993	-514.1130832972954	-294.26789999999875	10.477480239883594
HIE	24	-840.4887040000051	-1062.1142016271963	-514.2183064074707	-294.5734769999987	17.354951089504645
MET	25	-842.2221750000051	-1069.7969605485014	-514.734867488398	-293.4792129999987	8.516424087272464
LEU	26	-845.0735850000051	-1070.2995707843193	-515.1081061805774	-289.6908729999987	8.577505159275095
ASN	27	-844.0758810000051	-1071.3959527032928	-514.8589522559306	-297.8180049999987	0.6008491649483473
MET	28	-860.321395000005	-1069.510077031888	-515.3709277752824	-307.32274899999874	-23.775508682998648
VAL	29	-839.3690320000051	-1070.5706390526075	-515.9349857335561	-295.21708299999875	7.6579003380081945
LEU	30	-843.9474630000051	-1070.8149193271713	-493.8238547845659	-292.85874999999874	27.304653012434553
MET	31	-842.4869110000051	-1069.942545639281	-493.0919979114575	-293.16241899999875	30.065766573433333
HIE	32	-861.4320470000051	-1066.853398075908	-515.5100076706394	-298.36491799999874	-13.410730622375567
SER	33	-843.9474630000051	-1069.902208985614	-490.10246310685733	-293.3782999999987	31.419205031700507
TRP	34	-841.4488220000051	-1068.8402848239518	-515.7128310281108	-294.3711839999987	8.376518272108965
VAL	35	-837.8717190000051	-1069.6320594545364	-516.0316345098804	-294.81500699999873	10.399220159754787
LEU	36	-840.4887040000051	-1066.4259750490407	-515.9354473424457	-295.3877599999987	10.511753732685168
PRO	37	-842.4869110000051	-1069.183445186045	-492.18274201590793	-293.46949299999875	31.427048922218876
SER	38	-843.9474630000051	-1071.186586151082	-492.0272671391935	-293.02339899999873	28.564924833896118
ASP	39	-841.0840720000051	-1070.1125370966654	-515.3582409011018	-294.24451399999873	7.950276126404525
LEU	40	-861.4320470000051	-1059.27189574778	-515.4122980838333	-294.6202419999987	-1.9868427074416637
ARG	41	-832.4138760000051	-1067.6370309177516	-538.6116401616895	-288.92252999999874	1.164563044730647
LEU	42	-844.5233660000051	-1063.104117242506	-535.2723696409033	-294.2233369999987	-8.373549759237488
LEU	43	-842.2221750000051	-1070.4380257656744	-514.9561480738575	-289.39716199999873	11.736129284639784
THR	44	-839.3690320000051	-1067.4819465485714	-516.4016595266651	-294.4965079999987	11.000494048935252
SER	45	-839.3690320000051	-1070.7615708638111	-515.880249398663	-295.53789799999873	7.200889861697611
TYR	46	-840.4887040000051	-1064.244722552168	-515.8666493538243	-294.41053299999874	13.739031218179443
GLN	47	-843.9474630000051	-1069.6862118218864	-501.15995494880565	-293.7868959999987	20.16911435347963
LYS	49	-842.4869110000051	-1068.7840006500387	-499.52348295885594	-292.9834389999987	24.971806515277038
THR	50	-837.8717190000051	-1070.259222777255	-515.401892412267	-294.8102679999987	10.406537934649721
ASP	51	-836.7669970000051	-1068.5156816292608	-516.0303871541182	-294.2661519999987	13.170422340792525
THR	52	-847.4968260000051	-1068.1226188568746	-515.7748288472949	-294.7491319999987	2.606234420002143
GLN	53	-847.4968260000051	-1063.1581378203002	-515.7034268974242	-294.2661519999987	8.125097406447338
GLU	54	-843.9474630000051	-1066.788476771908	-492.554559114741	-294.17715099999873	31.28199023752271
LEU	55	-840.4887040000051	-1063.1273361050598	-515.1103107017993	-294.2661519999987	15.757137317312585
ARG	56	-847.4968260000051	-1062.3956525601736	-516.3097237259619	-294.3156849999987	8.23175283803609
ARG	57	-843.9474630000051	-1065.8808480427188	-489.36548733090547	-294.2654389999987	35.29040275054746
LEU	58	-837.8717190000051	-1065.4526191834943	-516.5794619684959	-294.26218399999874	14.583655972181374
GLN	61	-842.2221750000051	-1055.9177200127208	-513.3550275732973	-294.62757299999873	22.62714453815365
ILE	62	-842.4869110000051	-1062.9439447332247	-485.5648521129584	-293.6626379999987	44.09129427798866
CYS	63	-842.4869110000051	-1062.0377165349812	-486.726065529862	-293.32940999999875	44.1695370593286
HIE	64	-861.4320470000051	-1058.361504427819	-513.3576506373848	-291.3643689999987	4.234069058967751
LEU	65	-841.0840720000051	-1069.4442036344492	-513.865762427853	-294.52942699999875	9.826175061869494
VAL	66	-840.4887040000051	-1062.3473253891027	-514.1927916697002	-294.61100199999873	17.109817065368695
ARG	67	-844.699457000005	-1059.932136579999	-514.4563748286715	-288.42516299999875	21.236508715501085
TYR	68	-832.4138760000051	-1065.7201152989498	-545.5496824009771	-290.4410479999987	-5.375081575755308
TRP	69	-843.9474630000051	-1063.724193019739	-487.2521032981799	-303.0191769999987	30.806703806252674
LEU	70	-842.2221750000051	-1060.9685066927912	-515.0438164587181	-294.1296339999987	16.38550797266262
MET	71	-861.4320470000051	-1054.1085048599507	-515.3122827955789	-293.0221219999987	4.874683468642168
ARG	72	-844.699457000005	-1059.4311956736954	-514.7869390186688	-294.3195639999987	15.512484431807549
HIE	73	-832.4138760000051	-1062.0493731519512	-542.2649454394625	-291.0512579999987	0.9701875327579739
PRO	74	-837.8717190000051	-1071.4738260386732	-515.6229988602569	-294.51429999999874	9.266796225241611
GLU	75	-847.4968260000051	-1069.4963192423052	-515.136482798308	-296.1694769999987	0.45053508355863237
VAL	76	-842.4869110000051	-1063.722104644292	-492.31533001391773	-295.02841299999875	35.19688146596204
MET	77	-844.0758810000051	-1072.1214638837466	-515.6641722042185	-298.17960199999874	-1.2914789637933821
HIE	78	-860.321395000005	-1054.8869670463139	-515.0862980146708	-293.1124969999987	5.3424830631870535
GLN	79	-847.4968260000051	-1058.7453623433994	-514.8608459360443	-293.64618799999874	14.00041784472819
ASP	80	-836.7669970000051	-1062.281412823897	-515.3147643403254	-294.2985949999987	20.087870959949225
PRO	81	-839.3690320000051	-1062.626306983977	-515.3982145685134	-296.99869599999874	14.35739057168141
GLN	82	-860.321395000005	-1044.9760722444012	-515.6510525221356	-294.36833399999875	13.43278635763481
LEU	83	-845.0735850000051	-1067.9712442493342	-514.8752836704796	-292.75074999999873	8.078777204357923
GLU	84	-840.4887040000051	-1051.803691274553	-515.3352168674933	-295.09084999999874	26.03117798212534
GLU	85	-845.0735850000051	-1061.6846389118177	-515.2569870355732	-290.6122699999987	16.12215917678074
VAL	86	-845.0735850000051	-1060.355786099873	-515.1692639113693	-288.7408939999987	19.410111112929368
ILE	87	-837.8717190000051	-1067.5900793643689	-514.3997474749112	-293.9849539999987	14.903140284891608
ARG	88	-844.5233660000051	-1056.719019819448	-542.2852020969397	-291.24878999999873	-6.026737792215933
PHE	89	-841.0840720000051	-1057.1733214187657	-515.4225016481079	-294.53823599999873	20.531509057298198
TRP	90	-860.321395000005	-1056.0666607361914	-515.002301048665	-297.2265589999987	0.13272433931522087
THR	91	-842.4869110000051	-1052.2322901711364	-492.50999378792255	-292.93801799999875	48.58242716511287
VAL	92	-843.9474630000051	-1060.3260145042495	-488.96751305954075	-293.8263589999987	41.68229056038141
ARG	93	-840.4887040000051	-1058.2178562577453	-514.7417050542936	-294.6227819999987	20.6785928121327
GLU	94	-844.0758810000051	-1077.204135603895	-515.4322757893955	-297.3617049999987	-5.324357269118843
ASN	95	-842.2221750000051	-1066.4748056185053	-515.164149918161	-289.1134599999987	15.77504958750539
SER	96	-861.4320470000051	-1059.530791926432	-515.1969640674877	-296.09776299999874	-3.5079258697478704
GLN	97	-832.4138760000051	-1056.5310659074914	-536.1417023729073	-292.4571879999987	11.205807843773107
ARG	98	-842.4869110000051	-1057.1831765069328	-490.4452548589484	-293.5369629999987	45.09733475829045
ARG	99	-842.2221750000051	-1063.5187951683129	-513.7456949520895	-290.62479599999875	18.638179003769313
LEU	100	-840.4887040000051	-1060.2835539714067	-514.2143328710589	-294.2661519999987	19.49689728170599
ASP	101	-844.5233660000051	-1052.146952174074	-542.3564692575364	-286.2866939999987	3.4361586925612224
SER	102	-832.4138760000051	-1052.834210981639	-543.1569342396034	-292.3531069999987	7.991511902929167
SER	103	-839.3690320000051	-1058.1666129217076	-514.5202385798435	-295.18539099999873	21.508365622620673
ASP	104	-844.5233660000051	-1061.786063371437	-542.3574496958087	-291.7654589999987	-11.682697943073983
LEU	105	-843.9474630000051	-1069.2931617074587	-489.42373831013697	-291.86061199999875	34.22466510657612
LEU	106	-841.0840720000051	-1057.3857691627566	-515.3210635766579	-293.9165039999987	21.042231384757244
SER	107	-843.9474630000051	-1067.4462949388594	-491.709125390182	-291.9242559999987	33.72250079513041
PRO	108	-843.9474630000051	-1066.0213833711196	-495.2173552872261	-290.8582379999987	32.705200465825975
PRO	109	-839.3690320000051	-1066.9619588310284	-515.7125622940283	-294.3015679999987	12.40451899911505
PRO	110	-841.4488220000051	-1078.8710993447608	-516.1263677942865	-295.0580579999987	-2.7547070148755317
PRO	111	-844.699457000005	-1064.0547012344593	-516.0944004699645	-294.33821299999875	9.562868419747701
LEU	112	-839.3690320000051	-1093.5238114391152	-512.9977544744918	-293.5187709999987	-10.659728789435235
PRO	113	-847.4968260000051	-1059.790203893321	-515.5926997468895	-294.8961289999987	10.973781483961169
MET	114	-839.3690320000051	-1090.1558045357629	-517.0347448212115	-290.9387579999987	-8.748699232802744
SER	115	-842.4869110000051	-1068.3036111078063	-512.2358239478204	-294.20333499999873	11.519959068544887
SER	116	-845.0735850000051	-1068.1390458446622	-516.7843074700387	-296.4782839999987	2.274417809470845
PRO	117	-844.5233660000051	-1059.955468630692	-548.9915160515236	-292.1940869999987	-16.914797558043897
LEU	118	-836.7669970000051	-1058.4925744137454	-521.0628396349321	-290.7068559999987	21.720373075494315
LYS	119	-843.9474630000051	-1068.719852714145	-488.95866205899085	-293.93863099999874	33.18503135103587
LYS	120	-847.4968260000051	-1065.1330846709661	-514.7179692266616	-291.8760559999987	9.52570422654389
ARG	121	-840.4887040000051	-1063.9812400147036	-514.9082730833218	-294.5106439999987	14.860779026146302
LYS	122	-836.7669970000051	-1080.9103840605546	-513.8096371007671	-294.28185599999875	2.9807659628499543
VAL	123	-832.4138760000051	-1056.5955817982654	-538.9353406029412	-291.4219769999987	9.382864722965225
SER	124	-837.8717190000051	-1059.0858845018456	-514.2527046296206	-295.38594099999875	22.153390992705514
LEU	125	-839.3690320000051	-1056.1107805067131	-514.8942079417112	-294.3631469999987	24.012472675747482
LEU	126	-842.4869110000051	-1058.860657360894	-496.5021234608292	-290.20940999999874	40.69053830244842
PHE	127	-841.0840720000051	-1060.4893937378552	-514.3049072993717	-298.17249099999873	14.698776086944909
ASP	128	-832.4138760000051	-1052.0178303130128	-534.9966570796823	-281.8211639999987	27.500112731476605
HIE	129	-842.2221750000051	-1059.6826123657015	-513.9436249625005	-287.72559499999875	25.175632795969662
LEU	130	-844.699457000005	-1067.2797959054074	-514.5255549498329	-296.50447899999875	5.740353268931547
GLU	131	-842.2221750000051	-1057.1737472457683	-520.0437983406925	-286.53467699999874	22.77524253771096
THR	132	-843.9474630000051	-1064.988204734796	-494.217252220095	-292.99455899999873	32.602161169280706
GLU	133	-847.4968260000051	-1073.9153464316182	-514.9209708677477	-295.71389499999873	-3.2973981751940302
LEU	134	-842.4869110000051	-1064.5577620415413	-509.78941325488967	-294.1801519999987	17.735401827740645
GLN	135	-832.4138760000051	-1067.5965378477936	-537.4429622149099	-288.5007799999987	2.795484061468194
HIE	136	-841.0840720000051	-1063.2589934871794	-514.644044221993	-294.3669959999987	15.39553441499931
LEU	137	-861.4320470000051	-1062.6582529843154	-514.6746523203207	-299.92856999999873	-9.943882180464229
THR	138	-842.2221750000051	-1070.2517273410613	-514.8306463061951	-288.6702459999987	12.774845476915148
TYR	139	-840.4887040000051	-1061.108625806623	-512.2040337320134	-294.2450619999987	20.703214585535225
LEU	140	-841.4488220000051	-1090.2574179324781	-516.1174831521234	-295.6135369999987	-14.68761996042977
GLU	141	-861.4320470000051	-1052.5870780360478	-515.8315874488834	-291.9982759999987	6.900651639240429
PHE	142	-840.4887040000051	-1056.6937332537602	-515.630525350885	-294.78395899999873	21.152718519526555
ARG	143	-842.4869110000051	-1060.9748198502998	-482.50848491130944	-292.12731799999875	50.65210636256233
SER	144	-837.8717190000051	-1061.3923175972707	-510.09877473151187	-293.19721199999873	26.18961679538919
PHE	145	-841.0840720000051	-1067.4676467503937	-514.4888889779312	-294.69097299999873	11.018059395846961
GLN	146	-840.4887040000051	-1062.464762565697	-514.6318822421484	-294.5895319999987	16.574759316326357
ILE	147	-844.5233660000051	-1069.8694875357737	-544.6414779510504	-290.3523589999987	-20.637050362652396
THR	148	-837.8717190000051	-1064.3682048669868	-522.8939800628817	-283.75423599999874	19.86150019430321
PRO	149	-832.4138760000051	-1052.1301624104326	-540.4898659724354	-281.85896799999875	21.85676774130384
GLN	150	-842.2221750000051	-1065.3630819317962	-514.326065472309	-293.71168399999874	13.126633720066641
ASP	152	-839.3690320000051	-1063.895563253907	-514.6834059195294	-294.2302739999987	16.571364950735237
LEU	153	-842.4869110000051	-1063.0008653765938	-486.6973157581627	-292.62693999999874	43.93760798941522
ARG	154	-843.9474630000051	-1069.392182979789	-486.69887087104604	-292.6709179999987	36.04020527333687
SER	155	-832.4138760000051	-1071.0849307923265	-521.3614737636262	-279.7764529999987	24.112906568218904
TYR	156	-860.321395000005	-1049.7104942039734	-507.04519284394263	-294.37036599999874	17.302192076255693
VAL	157	-861.4320470000051	-1060.350789875546	-515.4479103453261	-296.4699069999987	-4.951014096700522
LEU	158	-837.8717190000051	-1065.477774993781	-516.0563193404182	-288.3141089999987	21.029717789972672
GLN	159	-847.4968260000051	-1057.6631951051195	-515.5878369579817	-294.2661519999987	13.735630061070616
SER	160	-839.3690320000051	-1063.749013953619	-514.9844176024151	-294.2661519999987	16.38102456813766
VAL	161	-832.4138760000051	-1101.2194234856593	-543.1706166968162	-289.3398259999987	-37.394102058303694
ARG	162	-842.4869110000051	-1062.5455356832244	-493.93999096821705	-279.6283249999987	50.148877472730206
CYS	163	-840.4887040000051	-1094.025945848663	-520.3984848414697	-294.58056399999873	-20.744058565961016
PRO	164	-832.4138760000051	-1062.069005034149	-541.295984144858	-294.0432839999987	-1.0725090548354093
LEU	165	-842.2221750000051	-1070.509952346262	-515.0323903315901	-286.45869299999873	14.526429446319488
GLU	166	-844.0758810000051	-1065.6311122891077	-507.30961218816583	-295.4688559999987	16.26417864689819
SER	167	-841.0840720000051	-1070.0922791126802	-514.6993682686781	-294.04381999999873	8.830100742813533
VAL	168	-841.0840720000051	-1072.1789827428418	-514.9306924600892	-294.0490279999987	6.506864921240765
LEU	169	-843.9474630000051	-1071.508262515946	-506.96504923844486	-292.5561019999987	13.772763369780948
SER	170	-847.4968260000051	-1073.1195252194293	-515.6998730249527	-296.4994119999987	-4.06599612021027
ASN	171	-847.4968260000051	-1072.813020859763	-515.6262126064088	-296.52350399999875	-3.7099233419999837
SER	172	-841.0840720000051	-1073.026438418689	-515.818125236063	-293.2738109999987	5.547193469419847
VAL	173	-841.4488220000051	-1077.2856928587803	-515.826404891397	-295.5171689999987	-1.3284486260055992
SER	176	-841.4488220000051	-1077.8404265182319	-515.8190421856664	-295.60050299999875	-1.9591535797264932
ARG	178	-841.4488220000051	-1076.4727301477767	-515.775459544973	-295.52391399999874	-0.4712855685779864
TRP	179	-841.4488220000051	-1075.5447578615865	-515.7646066251549	-295.5204559999987	0.4709976374302185
VAL	180	-847.4968260000051	-1071.27347819044	-515.5594822700261	-296.2683149999987	-1.8484613362944136
GLN	181	-841.4488220000051	-1077.9882130922747	-515.7751058338077	-295.3874369999987	-1.8499378019107056
VAL	182	-844.699457000005	-1075.5114098063173	-515.5720192972783	-296.03796499999874	-3.0712109794240083
MET	183	-841.0840720000051	-1072.7051545107786	-515.7384212766663	-293.9876479999987	5.2343443367267035
VAL	184	-841.0840720000051	-1071.1293397246295	-515.7014445737317	-293.91746399999874	6.917319825810496
LEU	185	-841.4488220000051	-1083.0829347176405	-516.0760050911185	-294.6944499999987	-6.552571684587328
SER	187	-847.4968260000051	-1072.44267756856	-515.7192957844894	-296.55052199999875	-3.459681228877791
ARG	189	-844.5233660000051	-1072.4870125670216	-519.685668178044	-291.7947669999987	0.258826379106018
PRO	190	-844.5233660000051	-1080.9531116696921	-519.4773254454922	-291.9469869999987	-8.15114999101263
PRO	191	-832.4138760000051	-1070.2484318416377	-518.9351018567418	-285.3000239999987	21.85220642579211
LEU	192	-844.5233660000051	-1071.788771886277	-519.8355242543937	-291.79394899999875	0.8080289835011606
GLN	193	-839.3690320000051	-1073.8043007477397	-515.508993943012	-295.6028399999987	4.4644734334200065
ARG	194	-841.0840720000051	-1075.268137438348	-515.7021949383493	-293.6751989999987	3.0200367474743115
GLN	195	-847.4968260000051	-1071.27989531127	-515.0648091483349	-296.5122179999987	-1.6041083354330716
VAL	196	-847.4968260000051	-1077.7527847843824	-515.0034636444703	-295.3012339999987	-6.804668304680965
LEU	197	-860.321395000005	-1067.1669062144924	-515.3283105689151	-306.5284329999987	-20.595404659235754
ASP	198	-843.9474630000051	-1068.4556736514457	-511.37775085598514	-293.86869499999875	11.10005761674085
LYS	199	-844.0758810000051	-1066.9753264029855	-514.9377385382649	-294.51833499999873	8.2423591829214
PHE	200	-847.4968260000051	-1066.8149665602384	-515.1558913324129	-295.01537899999875	4.266577231520283
ILE	201	-842.4869110000051	-1069.6826041575266	-509.1942447686414	-292.7272779999987	14.658602198003644
HIE	202	-837.8717190000051	-1070.4568431255116	-515.3219044841362	-293.96311999999875	11.136053514523901
VAL	204	-842.4869110000051	-1068.6376156964484	-508.0210289519454	-293.41446799999875	16.189616475777814
GLN	205	-847.4968260000051	-1063.5756107129325	-514.4904676151085	-294.3867259999987	8.800009796130595
ARG	207	-842.2221750000051	-1064.9505722559213	-513.6790150642531	-290.93455099999875	16.963326803997255
LEU	208	-844.0758810000051	-1063.6499340503715	-514.7443960969695	-294.18027699999874	12.099151976830635
HIE	209	-847.4968260000051	-1063.9206534708605	-514.4919976393397	-294.3393019999987	8.500861013971374
GLN	210	-837.8717190000051	-1070.4113941473279	-515.0981180592074	-294.2963239999987	11.07208491763627
LEU	211	-861.4320470000051	-1063.3317171650551	-514.9925707691086	-294.3671379999987	-5.373832809992102
GLN	212	-847.4968260000051	-1062.8539019198374	-514.5383340936419	-294.49415199999873	9.366426110692355
ASN	213	-842.4869110000051	-1063.269594436034	-506.9567036776266	-294.22402399999874	21.812407010511265
PHE	214	-860.321395000005	-1059.9598225872373	-514.9195098541844	-295.79106999999874	-2.2421573172500207
ASN	215	-832.4138760000051	-1069.5471682725615	-525.458528543575	-289.0374099999987	12.292657308035208
THR	216	-841.0840720000051	-1071.011155194406	-514.8561836428553	-293.97053599999873	7.827693286910318
LEU	217	-860.321395000005	-1059.7802858317607	-514.7272064682452	-295.53654699999873	-1.6157941758341554
MET	218	-842.2221750000051	-1067.5203247597285	-515.1423945668765	-288.66314399999874	15.201601797566516
VAL	220	-840.4887040000051	-1063.3527397343678	-514.975829776602	-294.5956499999987	15.336716613201833
THR	221	-837.8717190000051	-1072.8757069109897	-515.9332095149742	-293.9137449999987	8.155259698207715
LEU	222	-841.4488220000051	-1080.687454615154	-515.6012107156555	-294.8167909999987	-3.8046382066376143
CYS	223	-842.2221750000051	-1067.9943921927756	-514.7450669848855	-293.85511999999875	9.932885946510552
HIE	224	-843.9474630000051	-1065.9315232159875	-505.84260201622396	-293.71103499999873	19.317016891960247
SER	225	-847.4968260000051	-1063.901252485418	-514.7449459055454	-294.5228609999987	8.083754733208458
ILE	226	-832.4138760000051	-1061.6859446191093	-526.1028241790956	-288.5259019999987	20.02109332596675
SER	227	-841.0840720000051	-1070.7899812278486	-515.282801593655	-293.97527899999875	7.617506302668114
ARG	228	-861.4320470000051	-1059.268590040397	-515.3031371971732	-294.48973299999875	-1.7438671133984212
LEU	229	-839.3690320000051	-1064.33703283905	-515.3056105981378	-294.27323899999874	15.464725686983986
LYS	230	-847.4968260000051	-1066.1789736344572	-515.0133104837315	-294.94781499999874	5.112715005982966
ASP	231	-842.2221750000051	-1067.8783739799505	-514.6997003662109	-289.4082039999987	14.541186778010333
SER	233	-841.0840720000051	-1072.685595235822	-515.4145448765504	-293.7834199999987	5.782008011799416
HIE	234	-839.3690320000051	-1066.6453732921573	-515.9009178767292	-294.4899719999987	12.344344955285324
HIE	235	-832.4138760000051	-1070.151321117661	-525.1265145409884	-281.1344279999987	19.92350046552227
LEU	237	-836.7669970000051	-1071.056353992546	-515.4800131294983	-294.47768799999875	10.968588002127522
SER	238	-841.4488220000051	-1083.8075358515205	-515.6523213441913	-295.48872599999874	-7.6477650715399985
PRO	240	-847.4968260000051	-1062.6562116742975	-514.4671308322303	-294.27274499999874	9.85672661764383
ASP	241	-842.4869110000051	-1064.374005012183	-507.01595595292093	-293.6297599999987	21.24300815906772
SER	243	-841.0840720000051	-1070.431307844218	-514.3083363407538	-294.12522599999875	8.800697939199978
THR	244	-839.3690320000051	-1067.4005844529122	-515.0401203294247	-294.5009159999987	12.43898734183486
LYS	246	-847.4968260000051	-1064.4075803925653	-514.9170955388568	-294.6159609999987	7.312177192749725
LEU	247	-841.0840720000051	-1069.5812969698532	-515.0661109696126	-294.2517989999987	8.766361184705929
LEU	248	-845.0735850000051	-1069.1796569882222	-514.4483533054844	-293.82738699999874	6.220657830465239
GLU	249	-841.0840720000051	-1072.3483229146239	-514.836381903723	-294.1623019999987	6.318561305824849
LEU	250	-839.3690320000051	-1064.9072204472627	-515.2221575380395	-294.2931699999987	14.958060138869492
THR	251	-841.0840720000051	-1068.7676817882527	-514.9145912155869	-294.2628969999987	9.720398120332094
GLU	252	-832.4138760000051	-1061.41307063193	-524.1946793513	-290.1845679999987	20.543446140941747
LEU	253	-857.5055890000051	-1055.1775755065785	-514.8412907418721	-294.4803649999987	6.744819875721143
LEU	254	-839.3690320000051	-1063.249086499553	-515.2089780507214	-294.2661519999987	16.656391573897277
SER	255	-842.2221750000051	-1061.4328395310868	-514.9584708755641	-293.90834999999873	16.22780471752098
HIE	256	-839.3690320000051	-1067.9039414828137	-515.2554305274555	-294.44815299999874	11.773083113902405
ASN	257	-844.699457000005	-1065.339948737402	-514.5485840566035	-294.77648099999874	9.385169330166184
ASN	258	-839.3690320000051	-1064.1249746562162	-515.2824530596184	-294.2724789999987	15.700701408337183
TYR	259	-847.4968260000051	-1060.3802510837909	-514.3953797761063	-294.27396099999874	12.203222264274412
ARG	260	-841.0840720000051	-1071.6913335636632	-514.9618147070795	-293.72284599999875	7.289573853429002
TYR	261	-832.4138760000051	-1063.967370437409	-523.5603454967716	-287.08188999999874	21.72615818999094
ARG	262	-841.4488220000051	-1083.9602854884877	-515.2699922191267	-295.11543299999875	-7.044892583442648
ARG	264	-841.4488220000051	-1081.2562024902193	-515.1290211163558	-295.0855459999987	-4.1699514824032695
THR	265	-847.4968260000051	-1069.1865567305765	-514.3989865219556	-295.8501629999987	1.8171078716395614
TRP	266	-842.2221750000051	-1068.4322718133712	-514.1580335956191	-291.6104749999987	12.326684715181369
CYS	267	-832.4138760000051	-1055.8498543340777	-521.0088649901259	-293.2772519999987	26.19979279996815
PHE	269	-842.2221750000051	-1068.8482439702004	-514.2456704742393	-288.9078209999987	14.525729679731944
ARG	270	-839.3690320000051	-1066.1534251305598	-515.0282339976769	-294.4401729999987	13.758775995934963
LEU	271	-847.4968260000051	-1061.7960610254245	-514.2567313207516	-294.3355019999987	10.86451977799572
PRO	272	-843.9474630000051	-1069.1996150536118	-506.69654482024816	-293.8047059999987	15.101311250311712
VAL	273	-844.5233660000051	-1065.5807694142084	-525.1203353483876	-293.37963699999875	0.14553236157580396
LEU	274	-860.321395000005	-1059.1819979306904	-514.5697423250962	-295.3088859999987	-0.6323811316149204
VAL	275	-840.4887040000051	-1061.9332748905447	-514.3604897865422	-294.27736199999873	17.689809447084983
HIE	276	-844.0758810000051	-1066.2058109287332	-514.7711259432502	-295.0534649999987	8.643357252188354
LEU	277	-839.3690320000051	-1064.4199657296488	-515.2704561509621	-294.3095479999987	15.380638243560904
LYS	279	-842.2221750000051	-1066.6527781315817	-514.3932613857176	-291.3783699999987	14.10305560687247
ASP	280	-832.4138760000051	-1067.6520548593257	-526.0981569462481	-287.24849699999874	15.33705531859789
LEU	281	-847.4968260000051	-1059.053725942441	-514.1800055065245	-294.2661519999987	13.75293067520624
VAL	282	-844.0758810000051	-1066.2776580449593	-514.3364762299246	-295.2296619999987	8.829962849287837
SER	283	-842.2221750000051	-1073.2700063305938	-515.1192511097126	-288.7454469999987	9.392760683865285
LEU	284	-847.4968260000051	-1063.697184396524	-514.2031271998934	-294.49601399999875	8.85648852775423
HIE	285	-842.2221750000051	-1065.1356605929645	-514.8323973215162	-293.1502699999987	13.409137209690934
GLU	286	-845.0735850000051	-1065.7534587260054	-515.180801815242	-294.2661519999987	8.47564258292437
GLN	287	-860.321395000005	-1058.3241951468951	-515.0209181797213	-294.2661519999987	0.8169797975552839
PRO	288	-845.0735850000051	-1067.4564582309138	-515.3940940219877	-293.52069499999874	7.304807871270191
ASP	289	-837.8717190000051	-1065.8883588022204	-514.4095701011254	-294.2757719999987	16.304220220825783
ARG	290	-847.4968260000051	-1060.7005602412391	-514.1367347795327	-294.2661519999987	12.149367103399896
LEU	291	-844.699457000005	-1062.0077913885777	-514.6982904679584	-294.4335769999987	12.910524267635576
PRO	293	-839.3690320000051	-1064.3818966978226	-515.1244378704564	-294.27544299999875	15.598830555892688
ASP	294	-837.8717190000051	-1066.9772349289533	-514.9048049057035	-294.33776699999873	14.658114289514923
ARG	297	-847.4968260000051	-1062.5201041476766	-514.3371207890231	-294.2785589999987	10.117030187471894
LEU	298	-836.7669970000051	-1072.06567489942	-513.8461083767083	-294.49586199999874	11.574997848043358
HIE	299	-844.0758810000051	-1065.4174167802269	-514.2293942683937	-294.78695199999873	10.239996075551188
LEU	300	-841.0840720000051	-1070.2891874324973	-515.3264159423578	-293.83760799999874	8.212356749316418
PRO	302	-840.4887040000051	-1059.7007749760317	-513.7965740167507	-294.2762029999987	20.487384131389327
LYS	303	-841.0840720000051	-1071.669016640599	-514.2212098982749	-293.2739969999987	8.501344585297812
LEU	304	-832.4138760000051	-1066.7284793328047	-526.2703734236179	-291.5074469999987	11.829464367749198
ASN	305	-847.4968260000051	-1065.6388035895156	-515.0512227171107	-294.2753859999987	6.287401817545457
ASN	306	-844.5233660000051	-1071.993344369907	-525.9842284387768	-291.3728559999987	-5.124154684511886
LEU	307	-843.9474630000051	-1070.8592989190965	-504.5369350311525	-292.4233529999987	16.982590173922592
TYR	308	-841.0840720000051	-1070.0007166952657	-514.7429036429972	-294.2579679999987	8.663979785908738
LEU	309	-844.0758810000051	-1064.1301201694607	-514.5351738863311	-295.5222309999987	10.486234068379883
ARG	311	-844.0758810000051	-1066.3118765949641	-514.5260891764452	-294.89873399999874	8.937059352762272
LEU	312	-847.4968260000051	-1062.3374558341231	-514.9001200309509	-294.27764699999875	9.737591259097634
GLN	313	-841.0840720000051	-1072.5061197489633	-515.0797288504424	-293.5859499999987	6.493769524765934
GLU	314	-841.4488220000051	-1082.724718477542	-515.3295242380889	-295.4240499999987	-6.177474591459024
LEU	315	-843.9474630000051	-1071.562002537005	-502.35528619682265	-292.43910499999873	18.44578339034419
VAL	316	-841.0840720000051	-1072.7111324136401	-515.3557218861071	-294.0863519999987	5.512361824424564
LEU	317	-837.8717190000051	-1070.67596784278	-514.8737714864068	-294.20069599999874	11.127485794985079
GLN	318	-844.5233660000051	-1069.325768594838	-527.7932906004594	-289.99642499999874	-2.8892100711256967
GLN	320	-847.4968260000051	-1064.2620828004042	-514.061351854971	-294.65238399999873	8.276995468796578
HIE	321	-847.4968260000051	-1069.9467326589477	-514.1689574749231	-296.27895499999875	0.8581689903009808
PRO	322	-842.4869110000051	-1068.917648841794	-501.16432262934984	-292.8450729999987	23.33568465302785
PRO	323	-847.4968260000051	-1063.578280936602	-514.1884273536798	-294.46278299999875	9.023322833890035
CYS	324	-837.8717190000051	-1071.4321300603046	-514.8378518878407	-294.91435899999874	9.693580176026318
SER	325	-842.4869110000051	-1070.082208467545	-501.2801786891809	-293.14416499999874	21.75617696744596
ASN	326	-847.4968260000051	-1063.71925396502	-514.2939620235396	-294.32835799999873	8.911240135612086
GLU	327	-847.4968260000051	-1060.6616856657226	-514.5300386573431	-294.2687739999987	11.792315801105946
ASP	329	-841.0840720000051	-1071.2814482372237	-515.2454325965034	-293.9259889999987	7.2126982904446315
LEU	330	-844.0758810000051	-1069.5289367326386	-514.4364666382443	-295.3494619999987	5.358893753288697
LEU	331	-845.0735850000051	-1068.0676626347692	-515.4215805969371	-291.46838799999875	8.718423892465436
HIE	332	-845.0735850000051	-1068.8873569097955	-515.7448770158788	-294.2661519999987	4.777669198497328
LEU	333	-861.4320470000051	-1060.7189720424324	-514.2695450334297	-294.53332899999873	-2.2042529516904352
LEU	335	-832.4138760000051	-1067.2679423422214	-529.639531142999	-284.7701829999987	14.658107638951275
THR	336	-861.4320470000051	-1056.466617062794	-514.6009763521351	-294.60681099999874	1.643188709242434
LEU	337	-832.4138760000051	-1059.6711778368956	-531.5091216858118	-292.6494209999987	12.506043601464297
SER	338	-832.4138760000051	-1070.0818873995534	-528.7559070316238	-281.94068199999873	15.557287692994512
LEU	339	-837.8717190000051	-1073.5316278022565	-514.9322334184224	-294.52483699999874	7.889222903492778
ASP	340	-857.5055890000051	-1055.6703820637692	-514.8940106827132	-295.4783999999987	5.201258377689255
LEU	343	-836.7669970000051	-1069.4054318708638	-514.6861922742779	-294.56356599999873	13.327452979030069
PHE	346	-860.321395000005	-1059.9838746239996	-514.9471397212113	-294.5311089999987	-1.0338782210391333
TYR	347	-832.4138760000051	-1059.542483572948	-532.6793922737427	-286.9679929999987	17.145895277481124
THR	348	-847.4968260000051	-1065.4950642077572	-514.4937387635332	-294.2661519999987	6.997859152881467
GLU	349	-841.4488220000051	-1066.518348739653	-515.6234963064614	-294.2661519999987	10.892821078057342
ASP	350	-839.3690320000051	-1066.6607628851218	-515.9007752498987	-294.3895379999987	12.429531989151226
GLU	351	-847.4968260000051	-1061.1524806802884	-513.8608847134179	-294.2706359999987	11.968812730465263
ILE	353	-839.3690320000051	-1067.4632223838648	-515.5067676594446	-294.2825489999987	12.128069080862451
TYR	354	-844.0758810000051	-1062.3016395271827	-514.446994943734	-294.73543699999874	13.189687653254927
GLU	355	-847.4968260000051	-1063.9679897444032	-513.9863284514549	-294.5354579999987	8.763037928313498
LEU	356	-844.5233660000051	-1060.1470232557845	-531.4356233052149	-294.2998109999987	-1.6561834368276003
SER	357	-843.9474630000051	-1065.3899761970329	-497.8921866422726	-294.2535969999987	27.26641728486631
TYR	358	-847.4968260000051	-1063.5987827774866	-513.8485783386585	-294.2987369999987	9.506716008026565
ARG	359	-839.3690320000051	-1065.1226516057093	-515.2693386179967	-294.6289949999987	14.359622900465626
GLU	360	-841.0840720000051	-1069.1154332522067	-514.2976673594709	-294.2655319999987	9.986935512494112
MET	361	-847.4968260000051	-1064.4207533911824	-513.9720147557287	-294.7433749999987	8.116670977260622
THR	362	-844.0758810000051	-1063.2163669369809	-514.4576270043193	-292.27618299999875	14.72358218287159
GLU	363	-842.4869110000051	-1064.873349520465	-498.17258838448384	-293.71853199999873	29.498259219222966
TYR	365	-842.2221750000051	-1068.224388960328	-514.2608598919758	-289.4626899999987	14.579526271867906
LYS	366	-841.4488220000051	-1081.5509878137923	-515.197540306028	-294.97167899999874	-4.419388995648596
LEU	367	-843.9474630000051	-1068.438655524434	-497.87245873606884	-293.63560299999875	24.85545986366889
VAL	368	-832.4138760000051	-1063.6837371799377	-533.4492290271751	-291.58936599999873	7.613431917059025
VAL	369	-847.4968260000051	-1066.9266173587462	-515.3630482383691	-295.11431199999873	3.848836527056412
VAL	370	-841.4488220000051	-1082.804784427637	-515.6670427255475	-295.32087999999874	-6.491889029012961
VAL	371	-843.9474630000051	-1070.5462651406842	-500.4229740222372	-292.90485399999875	20.928083961250294
LYS	373	-832.4138760000051	-1067.917533483416	-532.8128094429823	-284.5371219999987	11.06829919777334
SER	374	-847.4968260000051	-1066.3903926195192	-515.1929245145049	-294.6910489999987	4.978447990147603
LEU	375	-844.0758810000051	-1063.5117896596573	-514.6406438490052	-294.39913499999875	12.122190615509101
THR	376	-847.4968260000051	-1069.877373301331	-514.3941371382136	-295.8226889999987	1.158614684626968
ILE	377	-841.4488220000051	-1080.0313662844685	-515.0411033018682	-295.06029499999875	-2.8319464621651225
GLN	378	-844.5233660000051	-1064.8525588389612	-534.6269695629785	-294.25439299999874	-9.507647277767914
LEU	379	-847.4968260000051	-1063.7523134245628	-514.157663994981	-294.5043169999987	8.83851970462797
ILE	380	-845.0735850000051	-1068.8268914610226	-514.4854998565236	-288.46060599999873	11.903057806625505
GLN	381	-845.0735850000051	-1069.4388654792922	-514.1979115420135	-289.4950629999987	10.54421510286597
ASN	382	-847.4968260000051	-1061.6915967706377	-513.732898875966	-294.3186109999987	11.509707477567861
HIE	383	-861.4320470000051	-1057.234122558761	-514.5620979784683	-295.31572099999875	0.20565158694241248
PHE	384	-847.4968260000051	-1067.7382820944406	-513.8093673156818	-295.49155699999875	4.21360771404921
VAL	385	-832.4138760000051	-1063.057215046157	-537.1790278656921	-292.89076299999874	3.208758212322838
ASP	386	-847.4968260000051	-1064.1139676081225	-513.7059278710875	-294.41397199999875	9.01894664496183
GLU	387	-842.2221750000051	-1065.7689153972904	-513.9891108543943	-289.9555319999987	16.813906872487053
TYR	388	-842.4869110000051	-1067.0416085255088	-492.86561541261665	-293.8588459999987	32.49665918604619
ASP	389	-847.4968260000051	-1064.7901295454624	-513.8536017355235	-294.4537959999987	8.155286843185888
PRO	390	-839.3690320000051	-1067.8667978951844	-514.9803307560492	-295.19538499999874	11.338094472938229
THR	392	-847.4968260000051	-1063.213614311866	-513.954482048526	-294.3378009999987	9.746916763779847
ILE	393	-842.2221750000051	-1063.0308801128522	-514.3703360687464	-293.07317899999873	16.05306994257319
GLU	395	-842.2221750000051	-1073.5804975506082	-514.6441101757865	-293.85849699999875	4.444360397776987
ASP	396	-844.0758810000051	-1072.8028544187941	-515.1653403118239	-296.67860799999875	0.026956393553719926
SER	397	-841.4488220000051	-1081.2081121605868	-515.699471975495	-294.5298909999987	-4.136657011910177
TYR	398	-841.4488220000051	-1080.6654529284172	-515.5959962139037	-294.54904299999873	-3.5096740181491786
ARG	399	-836.7669970000051	-1069.3546622901374	-514.6654722182898	-294.3076479999987	13.654860615744534
LYS	400	-841.0840720000051	-1074.307895718019	-514.9435234968342	-293.4885789999987	4.9255699093186625
GLN	402	-845.0735850000051	-1069.7136494917079	-514.7203631611944	-292.01558699999873	7.226455471269515
VAL	403	-842.4869110000051	-1070.6850434023306	-495.6274000395075	-294.34917499999875	25.601110682333584
VAL	404	-843.9474630000051	-1077.6259227012051	-495.8054517766806	-293.8252519999987	17.545550646286042
ILE	405	-847.4968260000051	-1066.0869871529594	-514.2573365574805	-294.8116419999987	6.096848413731826
ASP	406	-847.4968260000051	-1063.3511452014707	-514.3399042688935	-294.33286099999873	9.228903653807553
GLU	407	-844.0758810000051	-1070.7590665969155	-514.4119652687679	-295.5327979999987	3.9699292584883024
THR	408	-847.4968260000051	-1068.2269933787531	-514.2108118468911	-295.7749419999987	3.040066898527475
CYS	409	-847.4968260000051	-1063.9607838719835	-514.1316734235565	-294.3976889999987	8.762667828631685
LEU	410	-837.8717190000051	-1069.7103456571201	-514.8997896832882	-294.9827629999987	11.285022783763353
LEU	411	-847.4968260000051	-1070.0009092736402	-514.6511755484751	-295.88016399999873	0.7205653020563911
ASP	412	-841.0840720000051	-1071.2686648854337	-515.0548231719963	-293.87000299999875	7.47207706674171
ILE	413	-847.4968260000051	-1061.652197482667	-514.9707873405094	-294.2937399999987	10.336089300995418
LEU	414	-843.9474630000051	-1071.7975353650781	-492.4508307460612	-292.8006969999987	27.753114013032377
ASP	415	-847.4968260000051	-1065.4879464991106	-515.0002062034608	-294.4619849999987	6.30267642160021
THR	416	-860.321395000005	-1070.7709649543685	-515.3051878045015	-309.5411949999987	-27.18910263469825
GLN	417	-861.4320470000051	-1067.6859671481407	-515.4442653541307	-298.7275649999987	-14.540204378099649
GLU	418	-837.8717190000051	-1071.3815864903593	-516.6060967597891	-294.1276689999987	8.762568874023373
GLU	419	-842.4869110000051	-1072.0021526748292	-495.93088117878887	-294.37884799999875	23.950847270553727
TYR	420	-843.9474630000051	-1070.6041133866984	-496.30596614614836	-292.99584199999873	24.89625559132494
SER	421	-842.4869110000051	-1067.678869542925	-497.2028928052846	-294.0489209999987	27.332045775962047
MET	422	-840.4887040000051	-1061.2766288971131	-514.8691256430494	-294.3030119999987	17.812169584009126
ARG	423	-861.4320470000051	-1056.6468181722635	-514.8652334452188	-294.6595799999987	1.1459615066895381
ASP	424	-842.4869110000051	-1070.1420479338353	-497.57952919188244	-292.6238249999987	25.917326998453905
GLN	425	-847.4968260000051	-1065.6188950987257	-514.7059124046953	-295.11320999999873	5.814796620750779
TYR	426	-841.0840720000051	-1070.6826281738847	-515.6374141297957	-294.2661519999987	7.079373820491348
MET	427	-861.4320470000051	-1063.7668190971722	-515.1936224602431	-299.72980999999874	-11.37265843324353
ARG	429	-832.4138760000051	-1064.1309595595683	-533.5085780826121	-288.25669399999873	10.439532481991272
THR	430	-842.4869110000051	-1066.3422683531219	-498.5390548312154	-294.2989399999987	27.082465939834393
